0
1537
3434
4326
6291
8428
9620
10028
11222
13050
15087
18118
19314
20860
21977
23358
25184
26882
28791
31531
31377
33516
36161
39152
38487
40338
42225
43472
48034
48914
49376
55249
66417
55729
53956
59493
60680
63131
62428
64591
67263
73344
81401
74928
76725
76493
79389
79559
80041
81936
86552
88512
87442
93750
91837
92741
95026
96955
100535
99953
101169
106835
103965
105150
111148
112646
115027
118506
124156
125743
118301
122955
123183
126005
127252
131583
132402
132825
133485
137542
145103
142825
147571
143388
144440
147169
153488
152933
152396
157337
157708
168463
159538
161918
163468
165337
170558
172238
168128
173606
185395
