0
4762
10446
16689
20289
24899
33137
39200
47815
55245
73451
72431
81580
89225
100156
138507
146737
147404
151710
151451
180015
170792
213009
215173
196620
214338
230408
232799
253217
253871
300248
285188
291634
301618
313305
365851
370902
350421
357186
369448
384404
416863
401759
420416
439458
442225
493101
470617
480840
503098
511991
522287
580756
596329
629148
598309
799983
702476
744301
725227
737404
741256
752624
737809
765966
774357
794868
783131
805944
796108
831918
868014
850447
890769
867779
961563
1011385
990198
981040
1013766
996831
1044054
983095
1034761
1028392
1063229
1072942
1066472
1108853
1082948
1151865
1136595
1216310
1192742
1183748
1251348
1309887
1226376
1317581
1338836
1373836
