0
1371
2562
3661
5634
6773
9247
11601
12379
14397
14684
15592
17358
17905
19159
20180
22095
22444
24516
24926
27379
28016
30533
32194
32510
35006
35103
38695
39358
41032
42656
42630
45638
44614
47722
59743
92430
63082
61505
56026
51886
54196
54846
58766
60236
69528
60848
66969
65946
67260
68265
67087
71133
69962
74658
76408
77172
76869
77209
78779
81472
83101
82956
87331
86645
87051
89570
91497
97727
120684
103673
167747
151658
173489
162561
128056
172164
115372
106830
109973
108735
107036
108530
116318
117981
122464
119539
123246
125520
122772
124689
130669
134898
128988
125232
130440
136875
134746
136018
137224
142374
