0
3940
8498
13903
18803
24955
32701
38346
45104
54132
62955
69443
79358
85422
95425
103253
115741
123139
137959
139712
152470
158428
172138
183088
191542
199798
214934
222915
233971
251886
261886
265259
274889
286419
303571
357165
329577
332140
345439
378001
372843
405601
396439
439976
445706
518088
626528
618201
510529
558377
518582
600266
630299
730478
543419
566986
615850
686275
659309
685486
765252
687147
823086
729413
747666
745145
840571
965301
796368
810986
882325
1026884
831458
760357
781624
844845
848011
911373
915594
898034
892049
875077
874051
878509
926940
910757
918884
934605
947792
978134
1061821
1076366
1520898
1346100
1408333
1470696
1076411
1161286
1186582
1196000
1256708
