72772
184489
188445
180421
188998
188558
185028
183890
178728
178075
182989
180522
188453
181739
193581
189814
181171
180847
184984
189709
181846
180597
186251
180711
186922
177682
183787
184282
192758
184257
182626
187070
187097
179347
182623
185387
182752
184071
184827
184567
183000
184895
186140
184513
177548
188946
182039
186140
181919
188966
181862
184981
214678
179522
183601
182933
182738
177973
182007
184240
178028
186702
181450
178539
184663
184091
180437
180615
198627
181683
179111
178986
181219
183934
176343
179671
193646
181363
182895
184543
182040
185440
181293
180268
186823
202702
204555
179571
180458
195244
185244
178328
184377
182108
178842
180917
181406
184641
188511
178153
182544
