371278
1238482
1268607
1357823
1274136
1251460
1308594
1238115
1268458
1269415
1238398
1294429
1367499
1260339
1277243
1256494
1254455
1239652
1244791
1241168
1287854
1251528
1233195
1268751
1232286
1244274
1279996
1322540
1261516
1244471
1242952
1244258
1285945
1253604
1226552
1233850
1241301
1209940
1247739
1234954
1273602
1252592
1254395
1233889
1352173
1362099
1290834
1355251
1312938
1227542
1259951
1323429
1299295
1221694
1255163
1240433
1221610
1291774
1224269
1251479
1245455
1263108
1360681
1390028
1333255
1237977
1359068
1316857
1274996
1312143
1262064
1238001
1270931
1233622
1245249
1263347
1252300
1216929
1304369
1283335
1229538
1314496
1267728
1232809
1413796
1311741
1312994
1291187
1350536
1301053
1288595
1313140
1321532
1252593
1271356
1283813
1256839
1310962
1581234
1466586
1371250
