82938
147954
138514
141749
138913
139718
160461
140846
143935
142111
142496
141458
142764
141496
142451
142102
139101
140231
139343
139504
141878
142262
141960
140975
144476
142332
142758
141464
151119
142424
143304
140683
142107
142907
142594
143802
140380
142115
143460
142024
142874
141624
140619
143870
140939
140752
141107
142070
141558
142518
139733
144137
140440
141008
138878
142235
142682
141527
141081
142851
143429
140011
145186
142648
142106
141434
140692
144042
140741
141590
141999
145215
138882
138819
143697
141119
139956
144171
141716
142538
140240
141641
141187
141742
142159
139039
141288
138846
140695
144598
142835
142106
136747
140236
141602
141221
141361
141976
141611
142093
139790
