391669
1117274
1060298
1077070
1075672
1076813
1076003
1105145
1152161
1133821
1073607
1150042
1205096
1214572
1121618
1102232
1119909
1102241
1084532
1228084
1246513
1177255
1158023
1188192
1161760
1198738
1075027
1286407
1213781
1410827
1310698
1312221
1357754
1217655
1378155
1155548
1281188
1244054
1218135
1210755
1245869
1181255
1415939
1245649
1102151
1175875
1376224
1287224
1178157
1224521
1262920
1299677
1330683
1448507
1247362
1222997
1221715
1237209
1218367
1289788
1213644
1239529
1210940
1225651
1212623
1209706
1288461
1313839
1276715
1275075
1301824
1317403
1304301
1306755
1291751
1344519
1251601
1207054
1225300
1264845
1251491
1239958
1275612
1338951
1314847
1289092
1316936
1239590
1363034
1315488
1223676
1254334
1233365
1212191
1201357
1459742
1342766
1286964
1337463
1257829
1313115
